0.00000	0.00000	0.00000	0.00000	0.00000	0.49983
0.01000	0.00549	0.00073	0.00000	0.00006	0.49496
0.02000	0.01038	0.00140	0.00018	0.00012	0.49047
0.03000	0.01550	0.00177	0.00012	0.00012	0.48401
0.04000	0.02142	0.00311	0.00018	0.00012	0.47591
0.05000	0.02551	0.00360	0.00012	0.00012	0.47098
0.06000	0.00433	0.00031	0.00000	0.00006	0.47778
0.07000	0.00464	0.00043	0.00000	0.00006	0.47741
0.08000	0.00671	0.00073	0.00012	0.00006	0.47274
0.09000	0.01025	0.00195	0.00018	0.00012	0.46909
0.10000	0.01245	0.00226	0.00018	0.00018	0.46399
0.11000	0.01343	0.00195	0.00012	0.00012	0.46147
0.12000	0.01746	0.00323	0.00018	0.00018	0.45560
0.13000	0.01978	0.00421	0.00018	0.00018	0.45191
0.14000	0.02765	0.00507	0.00024	0.00024	0.44266
0.15000	0.03192	0.00818	0.00024	0.00018	0.43478
0.16000	0.03442	0.00732	0.00024	0.00024	0.43136
0.17000	0.01849	0.00513	0.00018	0.00018	0.43461
0.18000	0.02222	0.00665	0.00031	0.00024	0.42687
0.19000	0.02399	0.00610	0.00024	0.00024	0.42755
0.20000	0.02972	0.00952	0.00031	0.00024	0.41519
0.21000	0.04327	0.01300	0.00037	0.00031	0.40522
0.22000	0.04480	0.01257	0.00031	0.00024	0.39916
0.23000	0.03967	0.01288	0.00037	0.00037	0.39357
0.24000	0.04529	0.01630	0.00031	0.00031	0.38566
0.25000	0.04730	0.01550	0.00037	0.00031	0.38143
0.26000	0.06525	0.02124	0.00031	0.00031	0.36585
0.27000	0.06403	0.02069	0.00037	0.00037	0.36446
0.28000	0.07843	0.02588	0.00049	0.00049	0.34490
0.29000	0.07574	0.02417	0.00061	0.00043	0.34248
0.30000	0.09998	0.03345	0.00043	0.00037	0.32312
0.31000	0.09930	0.03131	0.00043	0.00037	0.32385
0.32000	0.10809	0.03668	0.00067	0.00049	0.30722
0.33000	0.12927	0.04382	0.00043	0.00043	0.28787
0.34000	0.14404	0.04828	0.00104	0.00037	0.27452
0.35000	0.13886	0.04456	0.00055	0.00043	0.27186
0.36000	0.15594	0.05072	0.00055	0.00055	0.26120
0.37000	0.18640	0.06049	0.00049	0.00049	0.23339
0.38000	0.20019	0.06689	0.00073	0.00067	0.22349
0.39000	0.23358	0.07544	0.00092	0.00079	0.19890
0.40000	0.23321	0.07422	0.00073	0.00067	0.19742
0.41000	0.27087	0.08405	0.00073	0.00055	0.16924
0.42000	0.28918	0.09351	0.00067	0.00061	0.15329
0.43000	0.32104	0.10254	0.00079	0.00073	0.12844
0.44000	0.33643	0.10895	0.00092	0.00073	0.12072
0.45000	0.37836	0.12207	0.00110	0.00079	0.08579
0.46000	0.38342	0.12701	0.00085	0.00073	0.08386
0.47000	0.43060	0.13513	0.00122	0.00104	0.04999
0.48000	0.43042	0.13593	0.00085	0.00085	0.05078
0.49000	0.49292	0.15521	0.00110	0.00098	0.00652
0.50000	0.49512	0.15704	0.00092	0.00092	0.00467
0.51000	0.52173	0.16241	0.00159	0.00128	0.01324
0.52000	0.57947	0.18054	0.00128	0.00122	0.05591
0.53000	0.58337	0.18665	0.00159	0.00122	0.06073
0.54000	0.63177	0.19666	0.00165	0.00134	0.09215
0.55000	0.64813	0.20514	0.00183	0.00110	0.10659
0.56000	0.66180	0.20929	0.00171	0.00146	0.11770
0.57000	0.68659	0.21668	0.00122	0.00122	0.13438
0.58000	0.71234	0.23022	0.00171	0.00159	0.15791
0.59000	0.74084	0.23505	0.00159	0.00153	0.17733
0.60000	0.75574	0.24017	0.00220	0.00128	0.18708
0.61000	0.77918	0.25415	0.00208	0.00189	0.20770
0.62000	0.79303	0.25720	0.00159	0.00146	0.21665
0.63000	0.81616	0.26831	0.00189	0.00165	0.23909
0.64000	0.82910	0.27747	0.00269	0.00214	0.25186
0.65000	0.84784	0.28461	0.00183	0.00171	0.26780
0.66000	0.85565	0.29132	0.00208	0.00208	0.27601
0.67000	0.87708	0.30170	0.00201	0.00189	0.29375
0.68000	0.89612	0.31140	0.00256	0.00226	0.31104
0.69000	0.90216	0.31488	0.00403	0.00275	0.31783
0.70000	0.90778	0.32391	0.00293	0.00287	0.32844
0.71000	0.91687	0.33203	0.00256	0.00244	0.34073
0.72000	0.93042	0.33862	0.00195	0.00189	0.35090
0.73000	0.93665	0.35022	0.00336	0.00293	0.36451
0.74000	0.94250	0.35767	0.00348	0.00317	0.37306
0.75000	0.94135	0.36639	0.00507	0.00366	0.37715
0.76000	0.95471	0.36890	0.00299	0.00293	0.38781
0.77000	0.95050	0.37933	0.00397	0.00385	0.39396
0.78000	0.95380	0.38666	0.00482	0.00354	0.39970
0.79000	0.96167	0.39819	0.00568	0.00555	0.41159
0.80000	0.96503	0.40076	0.00696	0.00555	0.41520
0.81000	0.97009	0.40851	0.00739	0.00732	0.42196
0.82000	0.97437	0.41150	0.00543	0.00446	0.42677
0.83000	0.97522	0.41657	0.00439	0.00415	0.43035
0.84000	0.98431	0.42212	0.00763	0.00421	0.44167
0.85000	0.96918	0.42981	0.00519	0.00494	0.43937
0.86000	0.97491	0.43195	0.00732	0.00635	0.44495
0.87000	0.97760	0.43939	0.00751	0.00708	0.45115
0.88000	0.98199	0.44232	0.00623	0.00592	0.45638
0.89000	0.98431	0.44739	0.00677	0.00580	0.45996
0.90000	0.98914	0.45648	0.01068	0.00787	0.46792
0.91000	0.99054	0.46240	0.00824	0.00659	0.47276
0.92000	0.99219	0.46539	0.00891	0.00842	0.47672
0.93000	0.99426	0.47003	0.00861	0.00519	0.48102
0.94000	0.99567	0.47559	0.01257	0.00891	0.48422
0.95000	0.99695	0.47772	0.01367	0.01093	0.48671
0.96000	0.97778	0.48206	0.01477	0.00977	0.47896
0.97000	0.98352	0.48743	0.01843	0.00897	0.48438
0.98000	0.98907	0.49548	0.02106	0.00873	0.49322
0.99000	0.99481	0.49854	0.01691	0.01532	0.49700
1.00000	1.00000	0.50201	0.02301	0.01575	0.50123
